
  .\88.tif 
94.226128 171.136185 
101.087006 163.014618 
107.898720 155.012375 
114.097206 147.112900 
124.434601 143.680130 
134.718811 139.870895 
90.823517 166.987091 
97.364243 158.950043 
104.015282 151.000610 
110.359566 143.116821 
120.721893 139.359009 
130.632721 135.971237 
87.016159 162.857422 
93.847435 154.872147 
100.124565 147.010605 
106.840530 139.161652 
116.756561 135.927704 
126.847244 132.048248 
83.475258 158.710373 
90.042229 150.894333 
96.501556 143.030823 
103.027092 135.821365 
112.977722 131.984375 
122.843590 128.161087 
79.857216 154.306335 
86.222527 146.879379 
92.962891 139.111740 
99.169006 131.891373 
109.252502 128.054855 
119.069313 124.827400 
76.282120 150.709961 
82.924385 142.964020 
89.408318 135.183914 
95.791901 128.037842 
105.786263 124.303848 
115.301445 121.006630 
72.885277 146.727631 
79.190117 139.026901 
85.971375 131.826706 
92.152679 124.754181 
102.031494 120.995110 
111.849678 117.204979 
69.286423 142.905121 
75.962563 135.129852 
82.408806 127.987305 
88.867485 120.969337 
98.217819 117.244904 
108.162430 113.987808 
65.978424 138.976013 
72.764961 131.275528 
79.004997 124.238228 
85.174484 117.199738 
95.038681 113.989540 
104.803825 110.221794 
61.817234 135.040939 
68.977829 128.022491 
75.008621 120.966721 
81.824875 114.012062 
91.817917 110.204445 
100.906250 107.109322 
