  .\88.tif
38 170
53 170
66 170
81 171
95 171
109 171

46 162
59 162
73 162
87 162
102 163
116 163

53 154
67 154
80 154
94 154
109 155
122 155

59 147
73 147
87 147
100 147
114 147
128 147

66 139
80 139
93 139
107 139
121 139
135 139

73 131
86 131 
100 132
113 132
127 132
141 132

79 124
93 125
106 125
119 125
133 125
146 125

86 118
98 118
112 118
125 118
139 118
152 118

92 110
105 110
118 110
131 110
145 110
159 110

 
  .\89.tif 
237.906433 187.911255 
252.949432 187.958328 
267.823730 188.012085 
282.216064 188.088623 
296.808197 188.151489 
310.911224 188.212418 
231.840134 179.181015 
246.740082 179.261826 
261.197876 179.781158 
275.828766 179.900986 
290.015930 179.991150 
304.072845 180.092621 
225.806808 170.998627 
240.397018 171.147797 
255.053879 171.224915 
269.281158 171.773392 
283.701569 171.930801 
297.409790 172.063828 
219.843719 162.921249 
234.325989 163.074982 
248.969940 163.220688 
263.071838 163.840729 
277.120697 163.983612 
291.068512 164.120438 
213.965103 154.951294 
228.706100 155.145752 
242.926712 155.270050 
256.980804 155.921158 
271.038666 156.098907 
284.809021 156.277985 
208.221390 147.059372 
222.838440 147.240387 
236.944260 147.904480 
251.059189 148.097565 
264.897766 148.295731 
278.683777 148.979050 
202.831543 139.207870 
217.013290 139.933182 
231.163132 140.143677 
245.052963 140.829285 
258.963867 141.060303 
272.392303 141.718430 
197.167130 131.978699 
211.622360 132.247070 
225.669128 132.950577 
239.291580 133.199585 
252.987167 133.918961 
266.668915 134.175613 
191.907257 124.849564 
206.066986 125.084412 
219.940140 125.848495 
233.853836 126.114197 
247.187363 126.843040 
260.774811 127.139420 

  .\98.tif 
174.016602 221.126617 
159.113800 220.849197 
144.514069 220.280518 
130.027451 219.909943 
115.602837 219.442902 
101.371735 218.974960 
166.912369 230.091248 
151.802963 229.758987 
137.040741 229.057709 
122.363655 228.589111 
108.009117 228.053482 
93.679810 227.714371 
159.472687 239.337479 
144.224670 238.909775 
129.396484 238.231018 
114.811996 237.859451 
100.050087 237.050385 
85.839119 236.779572 
151.957642 248.928314 
136.634445 248.190735 
121.771736 247.756332 
106.789742 246.897202 
92.045959 246.130615 
77.477348 245.676086 
144.232773 258.318695 
128.892838 257.913147 
113.687943 257.008179 
98.745697 256.197998 
83.797920 255.778610 
69.125572 255.012924 
136.194138 268.191071 
120.739082 267.709991 
105.316048 266.936066 
90.202126 266.083344 
75.233040 265.147614 
60.607113 264.668060 
128.215027 278.333832 
112.402405 277.871002 
97.038338 276.914215 
81.882607 276.020935 
66.825577 275.124176 
51.928802 274.226990 
119.958748 288.995636 
104.078049 288.039276 
88.669128 287.063995 
73.085670 286.142365 
57.953663 285.185547 
42.795559 284.572083 
111.393555 299.658997 
95.322075 298.859894 
79.722252 297.763672 
64.117912 296.857513 
48.851158 295.810760 
33.833115 294.934875 

  .\99.tif 
348.206512 200.138397 
334.887482 200.855835 
321.067963 201.068512 
307.141876 201.780914 
293.067078 202.005585 
278.902802 202.245453 
355.283325 208.147690 
341.939667 208.908890 
328.084534 209.135132 
314.044037 209.908417 
299.936859 210.136292 
285.651855 210.923080 
362.851135 216.775864 
349.050415 217.058060 
335.143524 217.840652 
321.077789 218.102737 
306.851044 218.912216 
292.228912 219.217712 
370.096863 224.999985 
356.260895 225.794739 
342.573212 226.105743 
328.242188 226.922699 
313.896759 227.250580 
299.202423 228.087616 
377.910706 233.759033 
363.975037 234.087646 
349.970520 234.969742 
335.812378 235.838455 
321.071625 236.196823 
306.262939 237.058578 
385.634521 242.167358 
371.760651 243.036453 
357.724060 243.942413 
343.087708 244.836899 
328.676971 245.246338 
313.800568 246.125443 
393.703735 251.116547 
379.578766 252.059448 
365.195984 252.986328 
350.921082 253.936996 
336.083588 254.876617 
321.139954 255.844086 
401.662659 260.225006 
387.673187 261.176239 
373.089569 262.116455 
358.767883 263.115051 
343.879639 264.071625 
328.890411 265.081024 
409.988098 269.908600 
395.876953 270.932037 
381.213623 271.919006 
366.825165 272.954254 
351.849701 273.959656 
336.765900 275.008942 
