
  .\99.tif 
300.939148 234.111420 
288.063782 234.501083 
274.844147 235.417847 
262.080688 236.305038 
247.000000 237.000000 
236.894287 238.079163 
306.060944 243.958481 
293.040039 244.786148 
279.922485 245.094650 
266.656647 245.963852 
252.939240 246.794205 
239.122574 247.152985 
312.787720 251.948868 
299.678528 252.809326 
286.167175 253.176559 
272.884857 254.046082 
259.090271 254.962845 
245.184891 255.829941 
319.229095 260.030334 
306.100342 260.956146 
292.897766 261.851624 
279.146759 262.751801 
265.333374 263.160461 
251.695770 264.064087 
326.161133 268.170227 
312.926086 269.103363 
299.307922 270.061279 
285.873077 271.007721 
271.961304 271.972290 
257.952545 272.921448 
333.150208 276.964447 
319.899628 277.939148 
306.140167 278.925537 
292.631104 279.900482 
278.656433 280.866211 
264.294891 281.865173 
340.211884 285.811554 
326.944702 286.804932 
313.109467 287.849304 
299.195190 288.850372 
285.205658 289.885254 
271.028503 290.902893 
347.687836 294.204803 
334.030914 295.782654 
320.182129 296.849915 
306.211578 297.903687 
292.111298 298.954681 
277.933594 299.993286 
354.963867 303.220001 
341.258423 304.844299 
327.698792 305.934570 
313.258484 307.020477 
299.114777 308.111725 
284.846680 309.214325 
362.359161 312.874359 
348.914032 313.994904 
334.928131 315.104980 
320.842499 316.273682 
306.283600 317.921356 
291.916199 319.047516 
