
  .\88.tif 
167.831467 188.773529 
154.185822 188.198486 
140.931717 188.086655 
127.786392 188.017517 
114.674919 187.900452 
101.404755 187.818192 
162.306427 196.252716 
148.867935 196.103851 
135.218796 196.003265 
121.998932 195.911942 
108.825699 195.792923 
95.742119 195.165222 
156.930130 204.717850 
143.132446 204.103668 
129.750809 203.996185 
116.118896 203.871902 
102.874176 203.691910 
89.687035 203.075272 
151.255783 212.859711 
137.639297 212.233032 
123.890732 212.063950 
110.152550 211.924942 
96.878944 211.776047 
83.300835 211.107117 
145.758759 221.071899 
131.831696 220.937469 
117.901787 220.224991 
104.116089 220.042404 
90.738541 219.896835 
77.085487 219.207153 
139.903992 229.903152 
125.837791 229.172058 
111.899948 228.996933 
98.000671 228.805023 
84.215714 228.091217 
70.848083 227.924149 
133.916809 238.744293 
119.795593 238.050140 
105.721260 237.832001 
91.786171 237.114792 
77.944626 236.924774 
64.136459 236.163498 
127.858231 247.766953 
113.337135 247.012604 
99.215744 246.765915 
85.129135 246.026489 
71.258698 245.793884 
57.693256 245.048813 
121.696442 256.844940 
107.061363 256.079346 
92.864433 255.838257 
78.781792 255.052673 
64.736107 254.795731 
50.826653 254.036667 

  .\89.tif 
244.889404 275.898193 
259.736084 275.014465 
274.056305 274.163696 
288.253387 273.807770 
302.327362 272.945282 
316.262817 272.079712 
238.657944 266.179871 
253.076904 265.882874 
267.702362 265.023590 
281.848022 264.219574 
295.825287 263.882721 
309.682861 263.068298 
232.243851 257.104980 
246.908173 256.792542 
261.086609 256.005951 
275.185822 255.229095 
289.093170 254.936920 
302.947723 254.115540 
226.228775 248.073654 
240.789108 247.807007 
254.955658 247.051346 
268.925323 246.811508 
282.854584 246.037369 
296.215729 245.795013 
220.270798 239.196945 
234.774582 238.942505 
248.858734 238.237289 
262.791718 237.981598 
276.287903 237.762344 
289.962769 237.036285 
214.672012 230.829712 
228.859421 230.140747 
242.827271 229.950226 
256.677979 229.747971 
270.118469 229.059952 
283.716675 228.857437 
208.929474 222.061523 
222.960770 221.946030 
236.868561 221.771362 
250.707275 221.107666 
264.036499 220.961945 
277.319855 220.765472 
203.143585 213.959152 
217.140366 213.827301 
231.058395 213.186676 
244.794800 213.044846 
258.048737 212.924911 
271.265350 212.767334 
197.822601 205.889816 
211.724411 205.760529 
225.242676 205.199524 
238.943832 205.059174 
252.127167 204.975525 
265.247803 204.856781 

  .\98.tif 
197.604477 265.927429 
183.235535 265.119476 
169.350464 264.384033 
155.711624 263.950043 
141.913971 263.055023 
128.182190 262.299042 
191.128876 274.866852 
176.914627 274.004517 
162.878998 273.154083 
148.819092 272.731415 
135.013840 271.935486 
121.273109 271.052948 
184.729721 283.866486 
170.170700 283.007874 
156.063141 282.107910 
141.994919 281.225433 
127.985695 280.809998 
114.190865 279.931458 
178.036377 293.017517 
163.454727 292.158813 
149.095871 291.157349 
135.012985 290.298279 
120.961205 289.845764 
107.029144 288.925079 
171.229752 302.306580 
156.770767 301.811310 
142.068207 300.834595 
127.917091 299.920349 
113.750320 298.908875 
99.806595 298.004028 
164.222458 312.074615 
149.498062 311.176300 
134.995209 310.121643 
120.470184 309.231873 
106.150276 308.145294 
92.120850 307.169403 
157.185318 322.034515 
142.240021 321.022614 
127.713470 319.990143 
113.063927 319.000244 
98.740250 317.958466 
84.274788 316.970947 
150.024597 332.123779 
135.014542 331.067322 
120.090668 330.016388 
105.320488 328.992340 
90.953804 327.948029 
76.646004 326.839355 
142.687347 342.802155 
127.369225 341.719818 
112.402679 340.238403 
97.765106 339.075104 
82.982468 337.988770 
68.375214 336.925507 


  .\99.tif 
306.060944 243.958481 
293.040039 244.786148 
279.922485 245.094650 
266.656647 245.963852 
252.939240 246.794205 
239.122574 247.152985 
312.787720 251.948868 
299.678528 252.809326 
286.167175 253.176559 
272.884857 254.046082 
259.090271 254.962845 
245.184891 255.829941 
319.229095 260.030334 
306.100342 260.956146 
292.897766 261.851624 
279.146759 262.751801 
265.333374 263.160461 
251.695770 264.064087 
326.161133 268.170227 
312.926086 269.103363 
299.307922 270.061279 
285.873077 271.007721 
271.961304 271.972290 
257.952545 272.921448 
333.150208 276.964447 
319.899628 277.939148 
306.140167 278.925537 
292.631104 279.900482 
278.656433 280.866211 
264.294891 281.865173 
340.211884 285.811554 
326.944702 286.804932 
313.109467 287.849304 
299.195190 288.850372 
285.205658 289.885254 
271.028503 290.902893 
347.687836 294.204803 
334.030914 295.782654 
320.182129 296.849915 
306.211578 297.903687 
292.111298 298.954681 
277.933594 299.993286 
354.963867 303.220001 
341.258423 304.844299 
327.698792 305.934570 
313.258484 307.020477 
299.114777 308.111725 
284.846680 309.214325 
362.359161 312.874359 
348.914032 313.994904 
334.928131 315.104980 
320.842499 316.273682 
306.283600 317.921356 
291.916199 319.047516 

