
  .\99.tif 
265.222229 211.058746 
266.306915 222.263168 
263.179413 230.854843 
260.007233 239.028397 
278.397552 221.134857 
275.774414 229.156601 
272.685913 237.855850 
269.308319 246.218353 
287.815552 228.040054 
284.979401 236.208878 
282.041321 244.984497 
279.066498 253.949036 
297.058960 235.020432 
294.574219 243.691940 
291.830719 252.132828 
288.934357 261.254639 
306.742981 242.046158 
304.083740 250.945328 
301.706543 259.946655 
298.976776 269.071625 
316.219360 249.194061 
314.001038 258.103546 
311.709869 267.662872 
309.101501 277.022827 
326.188232 256.877655 
324.105499 265.936920 
321.943085 275.157379 
319.759308 285.076233 
336.304474 264.101685 
334.249908 273.760193 
332.298492 283.143402 
330.891205 288.099854 
