
  .\88.tif 
54.192875 227.927567 
69.150040 225.846298 
84.138664 223.795242 
99.246506 221.666458 
114.503494 219.584366 
129.831039 217.273270 
58.088787 218.030212 
72.965614 216.018692 
87.841568 213.985291 
102.793678 211.950668 
117.849152 209.853470 
132.970688 207.748276 
61.968487 208.805893 
76.498955 206.615784 
91.174225 204.311874 
105.992844 202.209427 
120.985275 200.115768 
135.940994 198.033798 
65.715904 199.222443 
80.118011 197.128784 
94.773140 195.068726 
109.252029 193.009888 
124.063446 190.945435 
138.950119 188.871841 
69.255753 190.140381 
83.724762 188.078415 
98.034737 186.016769 
112.413559 183.955597 
127.087387 181.905930 
141.866119 179.780762 
72.855736 181.271942 
87.046516 179.149307 
101.193451 177.059082 
115.760376 175.014359 
130.076187 172.931961 
144.708038 170.847351 
76.250854 172.838638 
90.318413 170.688507 
104.549500 168.369263 
118.784065 166.190338 
133.017334 164.071121 
147.256821 161.988495 
79.839348 164.074570 
93.775352 162.030228 
107.741119 159.971619 
121.798714 157.922363 
135.951508 155.758224 
150.042252 153.367432 
83.066887 155.962036 
96.916656 153.873764 
110.823692 151.760925 
124.690178 149.354095 
138.774124 147.194901 
152.846832 145.045044 

  .\89.tif 
264.992493 247.272842 
278.233612 244.247650 
291.784790 241.213425 
304.760376 238.300018 
317.264771 235.848953 
330.042572 232.910965 
256.037598 237.668777 
269.678558 234.803726 
282.835876 231.889206 
295.725067 228.953232 
308.221375 226.021988 
320.969818 223.147064 
247.240402 227.933792 
260.845520 224.987946 
273.883789 222.054108 
286.861267 219.235214 
299.683685 216.894623 
311.991425 214.015076 
238.841843 218.052887 
252.073044 215.259293 
265.127686 212.919952 
278.046387 210.030930 
290.876282 207.354370 
303.180267 204.991104 
230.220245 208.924713 
243.729843 206.023544 
256.819489 203.722488 
269.690002 200.973724 
282.128967 198.262878 
294.753113 195.995453 
221.998154 199.310623 
235.195770 196.979492 
248.147919 194.224686 
261.103241 191.992325 
273.844879 189.711227 
286.068237 187.034683 
213.883835 190.115784 
227.036255 187.974915 
240.030319 185.268707 
252.886368 183.023117 
265.272430 180.927429 
277.890411 178.290634 
205.862122 181.184692 
218.975250 179.006287 
231.966202 176.889130 
244.805191 174.167114 
257.109222 172.025421 
269.699951 169.973969 
197.914993 172.790298 
210.972488 170.072510 
223.931015 168.010696 
236.807770 165.954361 
249.100983 163.878998 
261.621368 161.654007 

  .\98.tif 
178.215088 238.856888 
162.914246 238.955338 
147.676453 239.052414 
132.579636 239.129456 
117.299011 239.287186 
102.253868 239.334152 
174.091980 246.162918 
158.536423 246.533035 
143.092880 246.750977 
127.764977 246.746658 
112.378029 246.927567 
97.283493 247.014175 
169.927551 254.044632 
154.118530 254.088684 
138.520859 254.256195 
123.022278 254.218811 
107.531532 254.546234 
92.207458 254.764313 
165.752426 262.014313 
149.729797 262.048218 
133.925232 262.083252 
118.165222 262.193359 
102.640480 262.223206 
87.029716 262.261719 
161.140839 270.137024 
145.063904 270.110016 
129.100861 270.191193 
113.108040 270.188019 
97.345543 270.304108 
81.759422 270.257263 
156.804840 278.672272 
140.405975 278.426483 
124.131348 278.767883 
108.005112 278.751221 
92.066353 278.826691 
76.202316 278.444977 
152.047638 287.057312 
135.685638 287.079651 
119.124123 287.114105 
102.886368 287.079224 
86.679932 287.073639 
70.684868 287.069977 
147.208450 295.962860 
130.624252 295.905640 
114.001472 295.964142 
97.530128 295.852966 
81.056786 295.931305 
64.744759 295.809784 
142.329391 305.080933 
125.354919 304.991211 
108.703468 304.907104 
91.990044 304.950806 
75.412903 304.784851 
58.948345 304.894440 

  .\99.tif 
302 219
291 220
279 222
267 223
254 224
242 225

331 226
300 227
288 228
276 230
264 231
251 232

321 233
310 234
297 235
285 237
273 238
260 239

331 240
319 241
307 242
294 244
282 245
270 246

339 246
329 248
316 249
304 251
292 252
280 253

350 254
339 255
327 257
314 258
302 260
289 261

360 261
349 263
336 264
324 266
311 267
299 269

370 268
358 270
347 272
334 273
322 275
309 277

381 276
369 278
356 279
346 281
332 283
320 285

